
111111111111111111000111000000111000000111000000111000000111000000111000000111000000111000000111000000111000
111111111111111111111111111111111111111111111111111111111111111111111111111111111111111111111111111111111111
111111111111111111110000000110000000110000000111111111111111111110000000110000000110000000111111111111111111
111000011111000011111100011111110011111110011111111011110111111110011111110011111110001111110000111110000111
111111111111111111110000000110000000110000000111111111111111111110000000110000000110000000111111111111111111
111111111111111111110000000110000000110000000111111111111111111110000000110000000110000000111111111111111111
111000000111000000111000000111000000111000000111000000111000000111000000111000000111000000111111111111111111
011111110111111111111000111111000011111110000111111110001111111000001111110000011111000011111111111011111111
001111110011111110111000111111000011110000011110000011110000011110000011110000011111000111111111111011111110
111000011111000011111100011111110011111110011110111011110111111110011111110011111110001111110000111110000111
111111111111111111111111111111111111111111111111111111111111111111111111111111111111111111111111111111111111
111111110111111111110000111110000011110000011110000011110000011110000011110000011110000111111111111111111110
001111110011111111111000111110000011110000011110000011110000011110000011110000011111000111111111111011111110
W
111111110111111111110000111110000011110000011110000011110000011110000011110000011110000111111111111111111110
111111111111111111110000000110000000110000000111111111111111111110000000110000000110000000111111111111111111
110000000110000000110000000110000000110000000110000000110000000110000000110000000110000000111111111111111111
110000011111000011111000011111000111011000111011101110011101110001101110001111100001111100000111100000111000
111111111111111111111111111111111111111111111111111111111111111111111111111111111111111111111111111111111111
111111111111111111110000000110000000110000000111111111111111111110000000110000000110000000111111111111111111
111000011111000011111100011111110011111110011110111011110111111110011111110011111110001111110000111110000111
111111111111111111000111000000111000000111000000111000000111000000111000000111000000111000000111000000111000
001111110011111110111000111111000011110000011110000011110000011110000011110000011111000111111111111011111110
W
111111111111111111110000000110000000110000000111111111111111111110000000110000000110000000111111111111111111
W
111000011111000011111100011111110011111110011110111011110111011110011111110001111110001111110000111110000111
W
011111110111111111111000111111000011111110000111111110001111111000001111110000011111000011111111111011111111
W
110000011110000011110000011110000011110000011110000011110000011110000011110000011111000011111111111111111111
W
011111110111111111111000111111000011111110000011111110001111111000001111110000011111000011111111111011111111
W
111000011111000111111000111111000111111100111111101111111101101111111101111111101110111101110111001110111001
000111000000111000001111100001111100001101100011101110011101110011111110111111111111000111110000111110000011
111000011111000011111100011111110011111110011110111011110111011110011111110011111110001111110000111110000111
001111110011111110111000111111000011110000011110000011110000011110000011110000011111000111111111111011111110
011111110111111111111000111111000011111110000111111110001111111000001111110000011111000011111111111011111111
E
111111111111111111000111000000111000000111000000111000000111000000111000000111000000111000000111000000111000
111111111111111111111111111111111111111111111111111111111111111111111111111111111111111111111111111111111111
111111111111111111110000000110000000110000000111111111111111111110000000110000000110000000111111111111111111
111000011111000011111100011111110011111110011111111011110111111110011111110011111110001111110000111110000111
111111111111111111110000000110000000110000000111111111111111111110000000110000000110000000111111111111111111
111111111111111111110000000110000000110000000111111111111111111110000000110000000110000000111111111111111111
111000000111000000111000000111000000111000000111000000111000000111000000111000000111000000111111111111111111
011111110111111111111000111111000011111110000111111110001111111000001111110000011111000011111111111011111111
111111111111111111110000000110000000110000000111111111111111111110000000110000000110000000111111111111111111
001111110011111111111100111111000011110000000110000000110000000110000000111000011111000011111111111011111111
111111110111111111110000111110000111110000111111111111111111110110111100110001110110001111110000111110000111
111111111111111111110000000110000000110000000111111111111111111110000000110000000110000000111111111111111111
111111111111111111000111000000111000000111000000111000000111000000111000000111000000111000000111000000111000
001111110011111110111000111111000011110000011110000011110000011110000011110000011111000111111111111011111110
W
111111110111111111110000111110000011110000011110000011110000011110000011110000011110000111111111111111111110
W
111111111111111111110000000110000000110000000111111111111111111110000000110000000110000000111111111111111111
W
111000000111000000111000000111000000111000000111000000111000000111000000111000000111000000111111111111111111
W
111000011111000111111000111111000111111100111111101111111101111111111111111111111110111011110111011110111011
W
110000011110000011110000011110000011110000011110000011110000011110000011110000011111000011111111111111111111
W
111000011111000011111100011111110011111110011110111011110111111110011111110011111110001111110000111110000111
W
111111110111111111110000111110000011110000011110000011110000011110000011110000011110000111111111111111111110
W
001111110011111110111000111111000011110000011110000011110000011110000011110000011111000111111111111011111110
W
000111000000111000001111100001111100001101100011101110011101110011111110111111111111000111111000011110000011
110000000110000000110000000110000000110000000110000000110000000110000000110000000110000000111111111111111111
W
111111110111111111110000111110000111110000111111111111111111110110111100110001110110001111110000111110000111
111111111111111111110000000110000000110000000111111111111111111110000000110000000110000000111111111111111111
110000011111000011111000011111000111011000111011100110011101110001101110001111100001111100000111100000111000
111111111111111111110000000110000000110000000111111111111111111110000000110000000110000000111111111111111111
011111110111111111111000111111000011111110000111111110001111111000001111110000011111000011111111111111111111
E
111111111111111111000111000000111000000111000000111000000111000000111000000111000000111000000111000000111000
111111111111111111111111111111111111111111111111111111111111111111111111111111111111111111111111111111111111
111111111111111111110000000110000000110000000111111111111111111110000000110000000110000000111111111111111111
111000011111000011111100011111110011111110011111111011110111111110011111110011111110001111110000111110000111
111111111111111111110000000110000000110000000111111111111111111110000000110000000110000000111111111111111111
111000000111000000111000000111000000111000000111000000111000000111000000111000000111000000111111111111111111
000111000000111000001111100001111100001101100011101110011101110011111110111111111111000111111000011110000011
011111110111111111111000111111000011111110000111111110001111111000001111110000011111000011111111111011111111
W
111100110111111110100111110100111110100111110111111010111111011111111111100011111100011011100011011100011001
111000000111000000111000000111000000111000000111000000111000000111000000111000000111000000111111111111111111
000111000000111000001111100001111100001101100011101110011101110011111110111111111111000111111000011110000011
111111110111111111110000111110000111110000111111111110111111111110000111110000011110000011111111111111111111
111111110111111111110000111110000011110000111111111111111111110110111100110001110110001111110000111110000111
000111000000111000001111100001111100001101100011101110011101110011111110111111111111000111111000011110000011
011111110111111111111000111111000011111110000111111110001111111000001111110000011111000011111111111011111111
W
111111111111111111110000000110000000110000000111111111111111111110000000110000000110000000111111111111111111
111000111111100111011101110001111110001111100000111000000111100001111100011111110011101110111000111111000111
000111000000111000001111100001111100001101100011101110011101110011111110111111111111000111111000011110000011
W
001111110011111111111100111111000011110000000110000000110000000110000000111000011111000011111111111011111111
W
111110110111111110011001110011001110011001110011001010011011011011011111011011111011011011011011011011011001
W
011111110111111111111000111110000011111110000111111110001111111000001111110000011110000011111111111111111111
W
110000011110000011110000011110000011110000011110000011110000011110000011110000011111000011111111111111111111
W
111000011111000011111100011111110011111110011110111011110111111110011111110011111110001111110000111110000111
W
000111000000111000001111100001111100001101100011101110011101110011111110111111111111000111110000111110000011
W
111000011111000111111100111011101110011111110001111100000111000000111000000111000000111000000111000000111000
W
001111110011111111111000111110000011110000011110000011110000011110000011110000011111000111111111111011111110
W
111111111111111111000111000000111000000111000000111000000111000000111000000111000000111000000111000000111000
W
111111110111111111110000111110000111110000111111111111111111110110111100110001110110001111110000111110000111
W
000111000000111000001111100001111100001101100011101110011101110011111110111111111111000111111000011110000011
W
110000011110000011111000111111000111011000111011101110011101110001101110001111100001111100000111100000111000
W
111111111111111111110000000110000000110000000111111111111111111110000000110000000110000000111111111111111111
W
111111111111111111000000111000001110000011110000111100000111000001110000011110000111100000111111111111111111
E
011111110111111111111000111111000011111110000111111110001111111000001111110000011111000011111111111111111111
111111111111111111110000000110000000110000000111111111111111111110000000110000000110000000111111111111111111
W
111000011111000111111000111111100111111100111111101111111101101111101101111111101110111101110111001110111001
110000011110000011110000011110000011110000011110000011110000011110000011110000011111000011111111111011111111
111111111111111111110000000110000000110000000111111111111111111110000000110000000110000000111111111111111111
110000011110000011111000111111000111011000111011101110011101110001101110001111100001111100000111000000111000
111111111111111111110000000110000000110000000111111111111111111110000000110000000110000000111111111111111111
W
011111110111111111111000111111000011111110000111111110001111111000001111110000011111000011111111111111111111
110000011110000011110000011110000011110000011110000011110000011110000011110000011111000011111111111011111111
011011001011111001011111001011111011011101011111101111110111111111111111111111110110111110110110110100110110
111111111111111111110000000110000000110000000111111111111111111110000000110000000110000000111111111111111111
W
111000011111000111111100111011101110011111110001111100000111000000111000000111000000111000000111000000111000
W
110000011110000011110000011110000011110000011111111111111111111110000011110000011110000011110000011110000011
000111000000111000001111100001111100001101100011101110011101110011111110111111111111000111111000011110000011
111111110111111111110000111110000111110001111111111110111111111110000111110000011110000011111111111111111111
110000000110000000110000000110000000110000000110000000110000000110000000110000000110000000111111111111111111
000111000000111000001111100001111100001101100011101110011101110011111110111111111111000111110000111110000011
W
111111110111111111110000111110000011110000011110000011110000011110000011110000011110000111111111111111111110
W
111111111111111111110000000110000000110000000111111111111111111110000000110000000110000000111111111111111111
W
011111110111111111111000111111000011111110000011111110001111111000001111110000011111000011111111111011111111
W
111101110111111110100111110100111110100111110111111011111111011111111111100011111100011011100011001100010001
001111110011111111111100111111000011110000000110000000110000000110000000110000011111000011111111111011111111
W
111111111111111111111111111111111111111111111111111111111111111111111111111111111111111111111111111111111111
111111111111111111000111000000111000000111000000111000000111000000111000000111000000111000000111000000111000
001111110011111110111000111111000011110000011110000011110000011110000011110000011111000111111111111011111110
E
011111110111111111111000111111000011111110000111111110001111111000001111110000011111000011111111111111111111
110000011110000011110000011110000011110000011110000011110000011110000011110000011111000011111111111111111111
W
011111110111111111111000111111000011111110000111111110001111111000001111110000011111000011111111111111111111
001111110011111110111000111111000011110000011110000011110000011110000011110000011111000111111111111011111110
111000011111000011111100011111110011111110011110111011110111011110011111110001111110001111110000111110000111
111111110111111111110000111110000111110000111111111111111111110110111100110001110110001111110000111110000111
111111111111111111111111111111111111111111111111111111111111111111111111111111111111111111111111111111111111
011111110111111111111000111111000011111110000111111110001111111000001111110000011111000011111111111011111111
000111000000111000001111100001111100001101100011101110011101110011111110111111111111000111111000011110000011
W
111000011111000111111000111111000111111100111111101111111101111111111111111111111110111011110111011110111011
W
111111111111111111110000000110000000110000000111111111111111111110000000110000000110000000111111111111111111
W
001111110011111110111000111111000011110000011110000011110000011110000011110000011111000111111111111011111110
111111110111111111110000111110000011110000111111111110111111111110000111110000011110000011111111111111111111
111000000111000000111000000111000000111000000111000000111000000111000000111000000111000000111111111111111111
111111111111111111111111111111111111111111111111111111111111111111111111111111111111111111111111111111111111
001111110011111111111000111111000011110000000110000000110011111110011111110000011111000011111111111011111111
000111000000111000000111100001111100001101100011101110011101110011111110111111111111000111111000011110000011
W
000111000000111000001111100001111100001101100011101110011101110011111110111111111111000111111000011110000011
W
001111110011111111111000111111000011110000000110000000110000000110000000110000011111000011111111111011111111
001111110011111110111000111111000011110000011110000011110000011110000011110000011111000111111111111011111110
111111110111111111110000111110000111110000111111111111111111110110111100110001110110001111110000111110000111
111111110111111111110000111110000111110000111111111111111111110110111100110001110110001111110000111110000111
111111111111111111110000000110000000110000000111111111111111111110000000110000000110000000111111111111111111
111111110111111111110000111110000111110000111111111111111111110110111100110001110110001111110000111110000111
E
111000011111000011111000111111100111111100111111101111111101111111101101111111101110111101110111001110111001
111111111111111111111111111111111111111111111111111111111111111111111111111111111111111111111111111111111111
111111111111111111110000000110000000110000000111111111111111111110000000110000000110000000111111111111111111
111000011111000011111100011111110011111110011110111011110111011110011111110001111110001111110000111110000111
111111111111111111000111000000111000000111000000111000000111000000111000000111000000111000000111000000111000
111111110111111111110000111110000111110000111111111111111111110110111100110001110110001111110000111110000111
000111000000111000001111100001111100001101100011101110011101110011111110111111111111000111111000011110000011
W
011111110111111111111000111111000011111110000111111110001111111000001111110000011111000011111111111011111111
W
111111111111111111110000000110000000110000000111111111111111111110000000110000000110000000111111111111111111
W
111000000111000000111000000111000000111000000111000000111000000111000000111000000111000000111111111111111111
W
110000000110000000110000000110000000110000000110000000110000000110000000110000000110000000111111111111111111
000111000000111000000111100001111100001101100011101110011101110011111110111111111111000111111000011110000011
W
001111110011111111111100111111000011110000000110000000110000000110000000111000011111000011111111111011111111
W
001111110011111110111000111111000011110000011110000011110000011110000011110000011111000111111111111011111110
W
111000000111000000111000000111000000111000000111000000111000000111000000111000000111000000111111111111111111
W
001111110011111110111000111111000011110000011110000011110000011110000011110000011111000111111111111011111110
W
111111110111111111110000111110000111110000111111111111111111110110111100110001110110001111110000111110000111
W
111111111111111111110000000110000000110000000111111111111111111110000000110000000110000000111111111111111111
W
000111000000111000001111100001111100001101100011101110011101110011111110111111111111000111111000011110000011
W
111000011111000111111000111111000111111100111111101111111101101111111101111111101110111101110111001110111001
W
111111111111111111111111111111111111111111111111111111111111111111111111111111111111111111111111111111111111
W
011111110111111111111000111111000011111110000111111110001111111000001111110000011111000011111111111111111111
W
111101110111111110100111110100111110100111110111111011111111011111111111100011111100011011100011001100010001
W
011111110111111111111000111111000011111110000111111110001111111000001111110000011111000011111111111111111111
W
001111110011111110111000111111000011110000011110000011110000011110000011110000011111000111111111111011111110
W
011111110111111111111000111111000011111110000011111110001111111000001111110000011111000011111111111011111111
W
001111110011111111111100111111000011110000000110000000110000000110000000111000011111000011111111111011111111
000111000000111000000111100001111100001101100011101110011101110011111110111111111111000111111000011110000011
111111110111111111110000111110000011110000011110000011110000011110000011110000011110000111111111111111111110
000111000000111000000111100001111100001101100011101110011101110011111110111111111111000111111000011110000011
W
110000011110000011111000111111000111011000111011101110011101110001101110001111100001111100000111000000111000
111111111111111111110000000110000000110000000111111111111111111110000000110000000110000000111111111111111111
111111111111111111000000111000001110000011110000111100000111000001110000011110000111100000111111111111111111
E
001111110011111111111100111111000011110000000110000000110000000110000000110000011111000011111111111011111111
001111110011111110111000111111000011110000011110000011110000011110000011110000011111000111111111111011111110
111000011111000011111100011111110011111110011110111011110111011110011111110001111110001111110000111110000111
W
011111110111111111111000111111000011111110000111111110001111111000001111110000011111000011111111111011111111
110000011110000011110000011110000011110000011110000011110000011110000011110000011111000011111111111111111111
W
011111110111111111111000111111000011111110000111111110001111111000001111110000011111000011111111111011111111
001111110011111110111000111111000011110000011110000011110000011110000011110000011111000111111111111011111110
111000011111000111111000111111000111111100111111101111111101101111111101110111101110111101110111001110111001
111111110111111111110000111110000111110000111111111110111111111110000111110000011110000011111111111111111111
111111110111111111110000111110000111110000111111111111111111110110111100110001110110001111110000111110000111
000111000000111000001111100001111100001101100011101110011101110011111110111111111111000111111000011110000011
W
111000011111000111111000111111000111111100111111101111111101111111101111111111111110111011110111011110111011
W
111111111111111111110000000110000000110000000111111111111111111110000000110000000110000000111111111111111111
W
111111111111111111110000000110000000110000000111111111111111111110000000110000000110000000111111111111111111
W
111000011111000011111100011111110011111110011110111011110111011110011111110001111110001111110000111110000111
W
011111110111111111111000111111000011111110000111111110001111111000001111110000011111000011111111111011111111
W
111111111111111111110000000110000000110000000111111111111111111110000000110000000110000000111111111111111111
W
111000011111000011111100011111110011111110011110111011110111011110011111110001111110001111110000111110000111
W
000111000000111000000111100001111100001101100011101110011101110011111110111111111111000111111000011110000011
W
110000011110000011110000011110000011110000011110000011110000011110000011110000011111000011111111111011111111
W
111000011111000011111100011111110011111110011110111011110111011110011111110001111110001111110000111110000111
W
111111110111111111110000111110000011110000111111111110111111111110000111110000011110000011111111111111111111
W
000111000000111000001111100001111100001101100011101110011101110011111110111111111111000111111000011110000011
W
111111111111111111111111111111111111111111111111111111111111111111111111111111111111111111111111111111111111
W
111000000111000000111000000111000000111000000111000000111000000111000000111000000111000000111111111111111111
W
111111111111111111110000000110000000110000000111111111111111111110000000110000000110000000111111111111111111
E
110000011111000111111100111011101110011111110001111100000111000000111000000111000000111000000111000000111000
110000011110000011110000011110000011110000011110000011110000011110000011110000011111000011111111111111111111
111000011111000011111100011111110011111110011111111011110111111110011111110011111110001111110000111110000111
001111110011111111111000111110000011110000011110000011110000011110000011110000011111000111111111111011111110
011111110111111111111000111111000011111110000111111110001111111000001111110000011111000011111111111111111111
W
110000011111000011111000011111000111011000111011100110011101110001101110001111100001111100000111100000111000
111111111111111111110000000110000000110000000111111111111111111110000000110000000110000000111111111111111111
111111110111111111110000111110000111110000111111111111111111110110111100110001110110001111110000111110000111
011111110111111111111000111111000011111110000111111110001111111000001111110000011111000011111111111111111111
001111110011111110111000111111000011110000011110000011110000011110000011110000011111000111111111111011111110
011111110111111111111000111111000011111110000111111110001111111000001111110000011111000011111111111011111111
W
011111110111111111111000111111000011111110000111111110001111111000001111110000011111000011111111111111111111
001111110011111110111000111111000011110000011110000011110000011110000011110000011111000111111111111011111110
111111110111111111110000111110000011110000111111111110111111111110000111110000011110000011111111111111111111
111111110111111111110000111110000111110000111111111111111111110110111100110001110110001111110000111110000111
111111111111111111110000000110000000110000000111111111111111111110000000110000000110000000111111111111111111
W
001111110011111111111000111111000011110000000110000000110001111110001111110000011111000011111111111011111111
011011111011111111011100110011100110011100110010100110110110110111110110111110110110110110110110110100011110
001111110011111111111000111110000011110000011110000011110000011110000011110000011111000111111111111011111110
011111110111111111111000111111000011111110000111111110001111111000001111110000011111000011111111111111111111
W
111111110111111111110000111110000011110000011110000011110000011110000011110000011110000111111111111111111110
111111111111111111110000000110000000110000000111111111111111111110000000110000000110000000111111111111111111
W
111111110111111111110000111110000111110001111111111110111111111110000111110000011110000011111111111111111111
111111110111111111110000111110000111110000111111111111111111110110111100110001110110001111110000111110000111
001111110011111110111000111111000011110000011110000011110000011110000011110000011111000111111111111011111110
111000011111000011111100011111110011111110011110111011110111011110011111110001111110001111110000111110000111
011111110011111111111000111111000011110000000110000000110000000110000000110000011111000011111111111011111111
111111111111111111110000000110000000110000000111111111111111111110000000110000000110000000111111111111111111
E
001111110011111111111100111111000011110000000110000000110000000110000000110000011111000011111111111011111111
001111110011111110111000111111000011110000011110000011110000011110000011110000011111000111111111111011111110
111000011111000011111100011111110011111110011110111011110111011110011111110001111110001111110000111110000111
W
011111110111111111111000111111000011111110000111111110001111111000001111110000011111000011111111111011111111
110000011110000011110000011110000011110000011110000011110000011110000011110000011111000011111111111111111111
W
110000011110000011111000111111000111011000111011101110011101110001101110001111100001111100000111000000111000
001111110011111110111000111111000011110000011110000011110000011110000011110000011111000111111111111011111110
111111111111111111000000111000001110000011110000111100000111000001110000011110000111100000111111111111111111
W
011111110111111111111000111111000011111110000111111110001111111000001111110000011111000011111111111011111111
111111111111111111110000000110000000110000000111111111111111111111000000110000000110000000111111111111111111
W
111000011111000111111000111111000111111100111111101111111101111111111111111111111110111011110111011110111011
111111111111111111110000000110000000110000000111111111111111111110000000110000000110000000111111111111111111
001111110011111110111000111111000011110000011110000011110000011110000011110000011111000111111111111011111110
100110001100110001100011011100011011100011011100011011100011011100011010100001110100001110111101110111101110
111111111111111111111111111111111111111111111111111111111111111111111111111111111111111111111111111111111111
111111110111111110110001111110000011110000011110000011110000011110000011110000011110000111111111111111111110
000111000000111000001111100001111100001101100011101110011101110011111110111111111111000111111000111110000011
W
110000011110000011110000011110000011110000011111111111111111111110000011110000011110000011110000011110000011
000111000000111000001111100001111100001101100011101110011101110011111110111111111111000111110000111110000011
011111110111111111111000111111000011111110000111111110001111111000001111110000011111000011111111111111111111
111111110111111110011001110011001110011001110011001011011011011011011111011011111011011011011011001011010001
W
111111111111111111110000000110000000110000000111111111111111111110000000110000000110000000111111111111111111
111000000111000000111000000111000000111000000111000000111000000111000000111000000111000000111111111111111111
W
111000011111000011111100011111110011111110011110111011110111011110011111110001111110001111110000111110000111
001111110011111111111000111110000011110000011110000011110000011110000011110000011111000111111111111011111110
111000011111000011111000111111100111111100111111101111111101111111101101111111101110111101110111001110111001
111111110111111111110000111110000011110000111111111110111111111110000111110000011110000011111111111111111111
111111110111111111110000111110000111110000111111111111111111110110111100110001110110001111110000111110000111
111111111111111111110000000110000000110000000111111111111111111110000000110000000110000000111111111111111111
W
001111110011111110111000111111000011110000011110000011110000011110000011110000011111000111111111111011111110
111111111111111111000111000000111000000111000000111000000111000000111000000111000000111000000111000000111000
111111110111111111110000111110000111110000111111111111111111110110111100110001110110001111110000111110000111
000111000000111000000111100001111100001101100011101110011101110011111110111111111111000111111000011110000011
W
110000011110000011111000111111000111011000111011101110011101110001101110001111100001111100000111000000111000
W
111111111111111111110000000110000000110000000111111111111111111111000000110000000110000000111111111111111111
W
111111111111111111000000111000001110000011110000111100000111000001110000011110000111100000111111111111111111
E
