000111100000111100001111110001111110001111110011111111011111111011111111011111111111111111111111111111100111
111111110111111110111111111111001111110000111111001111111111111111111111111111111111000111110000011111000111
011111110011111110111111111111101111111000011111000000110000000110000000110000000111000000111000011111101111
111111110111111110111111111111001111110000111110000011110000011110000011110000011110000011110000111111001111
111111111111111111111111111111100000111000000111100000111111111111111111111111111111100000111000000111100000
111111111111111111111111111111100000111000000111100000111111111111111111111111111111100000111000000111000000
011111111011111111111111111111100111111000001111000000110000000110000000110001111111001111111000111111100111
110000011110000011110000011110000011110000011111000111111111111111111111111111111111000111110000011110000011
111111111111111111111111111111111111111111111111111111111111111111111111111111111111111111111111111111111111
000000001000000001000000001000000001000000001000000001000000001000000001000000001000000001111000011111111111
110000011110000011110000111110001110110011100111111100111111100111111100111111110111011110111001111110000111
111000000111000000111000000111000000111000000111000000111000000111000000111000000111000000111000000111100000
111000011111000011111100111111100111111100111111111111111111111111111111111111111111111111111111111110111101
110000011110000011111000011111100011111110011111110011111111011111111011110111111110011111110011111110001111
011111111011111111111111111111100111111000011110000001110000001110000001110000001110000001111000011111100111
111111110111111110111111111111100111111000011111100111111111111111111111111111110111100000111000000111000000
011111111011111111111111111111100111111000011110000001110000001110000001110000011111001111111111111111111111
111111110111111110111111111111001111110000111111001111111111111111111111111111110111111110110001111110001111
000111110000111110001111111111110111111100001111111000001111110001111110000111111000000111111000011111110111
111111111111111111111111111001111100000111000000111000000111000000111000000111000000111000000111000000111000
110000011110000011110000011110000011110000011110000011110000011110000011110000011110000011111000111111101111
110000001110000001111000011111000011111100111111100111011111111011111111011111111011111111001111110001111110
110011001110011001110111101110111101110111101111111111111111111111111111011111111011100111011100111001100111
111000001111000001111100011001110111001111111000111110000111110000111110000111110000111110001111111001110111
110000011110000011111000111111101111111101111011111110001111100001111100001111100000111000000111000000111000
001111111001111111001111111000001111000000111000001110000011100000011100000011100000111000001110000001111000